1226045
16486
65119
36119
91514
18698
443474
3903
449118
13932764
439940
135926575
96771
44123461
637817
8016
146026638
5317045
168114
7814
24856359
70135
6340
5049265
7714
73709
62539
135403646
23461545
101761866
8063
160511
5240
23615473
21149982
3687740
249017
979
10504801
439162
4670741
90579
56928007
90658185
65565
101798
92222
570
68424
84682
445675
68841
151275
22848166
7858
92969
7456
5062077
16219671
443135
443363
439524
8101
225755
547
18283
89234189
444109
6436079
5283312
13726
847
31402
439235
6919635
68447285
352019
92180
18615
25245219
72277
785083
92180
5951
2148
6971242
445070
10221437
66391
439772
71312860
11622593
543706
369312
998
637921
38347
70632
6992378
3033957
69522
7249
92851
7707
50589
54321252
18430
15586712
39793
18740506
6776
21932507
74839
5478846
123895
92930
22386
737155
6439848
754
17378
71070
12581
96647
146157437
96722
91654717
188292
8881
24621
9395
9700
473141
67427
638129
9806304
68310
92834
7417
14090
11569
74629
65063
10724
193864
10757
5311263
11263548
637930
68238
6992102
8103
7175
75818
135616717
54671203
99823
25203619
28125549
8794
736024
11670553
8033
7408161
9502
25246050
4444637
9856673
134820234
44472831
8975
6575
12803
5281871
202043
186004
22823894
5287407
6342
71339434
13198
44512558
89105
439215
5276454
232042
135443397
87247
15394
123926
5460411
134820434
12594
97364
7364
137200727
10416988
62657
13938912
446578
6326776
91825597
6971058
102416
16555
108223
127293
81747
10413
1745307
5459845
439186
129661523
9543321
129661515
439544
12025
6410
6112
6322
70426576
56927783
6992076
446284
87330
4597
161210
16019966
64968
5280474
3032849
67078114
165125
10104702
1051
5280679
3144
65177
16790
5962
8007
75834
138319093
47
96373
67955
70678847
170049
439772
53445262
232848
8342
440005
25890
122305
439544
449
439771
6857538
638097
6991979
23419966
8009
31553
638278
3080576
8103
25201600
137250216
21863
6932256
10893358
96647
21706
443433
25245144
49939
5280804
67973
30935
25245826
7467
8061
193375
14283
5790
70
10850
40468192
7165
12313168
24455
261
446220
7058029
13995400
9688
6419709
10037836
104977
150901
23615324
22819
121893
15349
9903507
9799712
12086047
644162
18068
135811704
25245144
5283314
71357122
3125
10368940
101118227
9547083
14602688
13247
84835
25244990
6998029
10329542
2088740
7076416
6253
8142
70679016
10992
20827
1088
6971094
54330827
102431158
517460
99719
74518
54690315
7010588
4427708
19365658
7724
71098
348154
54688361
15682114
10371
13879500
15126
7016065
16218488
10020
5281672
227
3024
146932
3036931
5317238
547030
5460350
4510
70680276
11357
219973
22242451
17059
5773
11902949
205
65105
129887132
8129
5961
87330
201427
45266740
121946
99489
5468522
7146
30744
736056
637090
3848
6623
129847581
6410
8742
70
82029
100155
5459771
92132037
92941
10221060
6410
44182304
6992319
129671234
135403803
2305084
868
10424854
92907
82473
8115
16307
13846931
7738
13857
347991
6184
68023
180
5280421
7058028
75919
11006
69467
9577
15453675
99513
439294
75713
346
249377
9813211
6043
5282768
446854
440981
529
559
131824
38
19915502
7020029
5282360
23568116
644162
129669546
11745519
130418
7019087
7408259
7611
459890
16486
6603822
1549098
136670628
7291
12791
8500
14097988
45382232
54750445
21320258
132277934
11428
8988
5491963
73722
11647
11961810
2733787
70680343
176951
249
5460756
92941
69533
70724
47289
5289590
2725037
3080576
13207
5365811
180232
9962735
13602
66691547
69671
3085157
7021822
135462948
8552
5282146
440962
6914579
68443
4075
7036275
5280960
8064
84835
151033
439893
15600
93000
2950
65304
5460364
6942
1551342
99715
135763231
7010520
122357
33778657
22058800
5281119
69640
15104
7010529
82000
14187216
439171
64505
12315
439165
101402396
4670740
10977
101402396
192519
9871
165130
12090
446200
129320440
128847
95415
150990
25203531
3014143
92150
5461012
21706
5281416
12369
91509
446054
54675777
3080560
5881
161376
135911923
135406872
164860
11520
54675844
31244
20848968
12178130
16615
25622
64957
91501498
1070
137350043
119577
449469
9958
5459812
45479446
138319133
25200496
36294
729980
13524916
5288223
10786
9818200
7166
135404874
167572
119400
7590
18068
65533
135414420
7409
11788398
700653
7738
6971058
350287
57496189
84571
447405
80817
49
91819816
92969
8063
5282096
8914
6035
5610
439217
83063
1549439
447822
8130
24417
23615311
68134
21933884
91509
188920
6326972
7882
14349
181296
736681
46839651
69560
6030
65120
69640
3292996
53477669
6024
325
87063592
991
75834
718
82482
441006
1167
716315
76751
5881
444410
82688
14496843
160617
8130
5484223
259599
26731
5353266
4563901
99290
8614
3033743
4462
11429
5880
6992611
11122
446834
441302
6476218
7490
12222795
90473067
6950578
2724445
85888829
70975
637541
2115
102515158
7000050
12756
54675818
9023
24473
92229
19507
6444034
89666
68238
365902
6438804
76454
11953947
91820399
81274
6946312
3080722
70346
87583
9828
69732
22750
86
7264
70134
8173
17233
6094
3016878
7997
49787001
96469
16702
11525
164953
54051914
5360349
130468
979
688357
3037032
10424213
78350429
69221
165879
5479530
129671190
6992497
6971242
24405
135442941
10130163
2733285
87642
11567
107502
10962
5961
439233
5373729
151437
14871
177050
11812612
8601
73891
99489
72715833
6560
5280335
6306
12088
107
135513128
979
12332
165381
441480
12608294
457
255
114629
150869
94235
9967
79180
90658221
75818
15433
102489812
12074
25244208
92907
42788
54706644
1002
10253
5283335
16069994
136256
676159
440272
101099626
5460448
189150
439197
2723942
71306456
13052
80283
261
10920666
92180
3013625
11019755
102212
129671077
439283
3080562
5490351
152981
13726
6419709
124
124159
123351
448878
134603
7492
23736
25056407
135401234
11893572
440405
445691
193998
5460348
25201856
7148
94180
8103
31234
91848828
3485
10130043
439698
52921598
441108
439287
9395
7009596
5460984
10201852
152953
161880
609590
7009644
23700
171284
567162
5754
717531
165046
129661511
439468
88711
11311799
5497103
614
12332
165125
73480
449118
2733782
65894
69216
1145
137
15103
11859
20845972
70680298
10062749
101110146
69726
3433717
122340
151014
191812
16129681
5873088
10898
7490
69988
122706005
13410
107564
4462
92941
25201381
1128
97479
81732
118736097
444200
6128
5288441
107737
19956
6264
110992
55310
16130028
146170783
6134
9322
7016063
111
729
5459986
3462373
135398637
145681
13900158
38988608
132281856
60063728
13852
14055040
6440982
129627896
439853
4649
16220076
6995109
45051760
8371
336686
12233
10724
446475
643820
9885148
13025455
161880
28015
6343
82481
87907649
10690
11005
12035
135398655
5283564
71563
77068348
6568
26714
25245569
470
445969
13991616
1560034
8180
641256
80817
10857507
25517
136431
5280581
16121199
9570
96647
11369954
594528
54706665
68241
2108
11874
92934
448
7028
6024
10296
261
5287579
13215817
82000
76991
16821
15942872
14079
12314
54711929
3246941
5541
5473017
46173358
12988
111178
6917976
121697
9543123
30819
6305
20006
335
3034423
91526
65076
92229
65080
165125
5319562
101656440
45266552
5957
167453
8038
528
191190
7732
2724621
11315
439168
16133849
83118
123895
58
709625
174626
94335
12220916
122644
11363
11428
10475805
157
6973630
4377
135189
12104
818990
3366
79706
82473
6950945
31260
866
7468
525
7010588
5881
157
101989
101207195
135398045
998
24772978
11575713
92953
8002
7058029
6452827
121933
119835
86165648
25202504
6287
62389
10204
166886
119377
190307
2724705
127296
10338
441
197149
119
136630882
102416
443902
6276
451593
77048
1030
3806114
444641
6453935
5459811
439197
146037308
5459352
440650
6993373
101118228
54712708
7265
76571
10723
6992366
9543108
263
82000
679227
152323
5319562
33643
40468138
4071895
5484731
70
123358
440144
15341628
471584
96289
6688
177747
15530
22556
75187
2817772
12372
14496
77033
90546
70803
6570
9548795
12104
36198
6555
1055
13015
25203479
165805
2733779
192
5242543
111178
7020642
70910
54758595
13622
79996
11566
31193
10355909
443479
12793
82565
12527
441350
135506481
759256
95319
2723601
259380
12276
25244172
65115
13187
12336
12511
439288
439507
7852
123914
3920069
91509
8718
548678
165388
64947
12232584
5281377
7144
74632
83126
9547180
378
643987
5702614
76571
4573
736681
66189
5481391
729977
12176
90475888
4362
7490
679
208772
219973
14282017
13351
21120111
5273472
69389
94177
65119
1549427
637921
162755
6453929
12302
443496
644175
17749729
174
11747
70
5311263
44147549
7020179
25108624
12035
69980
99963
1029
131129
19960
69507
18179178
6857370
25200436
4693933
155831
95475
73891
23678881
181215
10345
49957
7750
65115
65560
7305
189150
12589
25201928
193825
135764677
294521
25043
79706
12353
8929
10972
439417
73278
87247
74201
6474236
16213882
8069
193305
177847
5283335
644163
20024
13810757
13708
13475115
13925570
8487
5460411
2733769
25245431
8552
7424
6971070
14607364
60196241
14254
8919
75855
69144
445100
16061308
818990
3032615
66184
11909
8797
1549097
644101
170119
437662
15172020
70
14534790
16072922
5460269
193516
45082383
34281
54706660
9589
21125192
92969
72422
6184
11217234
4363
134490
637922
87289
8063
9964226
67154317
445344
404291
126364
152109
95276
16211722
137075
10425017
439924
15764431
5281858
135460973
10656
5280933
12417
26250
84723
779
101118240
23615281
5497164
168115
65064
449043
11439
1983
5311264
54706659
90658932
5280489
6575
1241420
957
81721
91666418
13159194
5393173
339
5879
101207194
70807
11521082
13908996
49787004
135616718
129720403
6340
637497
77317
25201664
69632
172502
454
11367001
21236
101306830
15916663
1715077
69484
5047642
12248
11397
92185
8494
31244
864
11162
567162
5862
5484352
476
7591
24748
160635
731867
8128
10994
5280887
25202584
45934311
989
6569
3014145
17312
62900
54706646
16061258
70
12581
5280719
44229078
5462192
9809054
129654143
225936
23673673
25108601
152914
137566
82000
78759
588088
8365
12643155
6137
5951
94134
439562
11435341
5496888
567162
54503630
70
5184161
220639
8629
10927
92331
7691
5488264
9837272
21412
87886
89020
6346
10851
6140
129660976
122356
99558
9793848
8194
16486
5437
6995274
5497105
11469589
12091
60961
447466
11146
70678650
135398597
440317
23327
7738
66789
1742
6993115
6256
92930
5281107
10394
444206
24699157
42626433
511918
449023
129865133
65098
447433
26009
11966175
6443723
54748978
5460265
1810758
6324
125468
93078
1551643
25246063
100936339
132213
6131
90472598
45266594
12416
29131
129689739
10303
6992350
6992930
117735
193403
3024853
25203687
74563
97363
80080
3081391
8093
5460411
9855795
5357283
10214
154729467
67798
30819
6140
3013625
11122
5462192
46878496
448580
12041
57449
7420
6992506
3945662
11344028
91820010
46926227
444493
152322
5478841
61060
255
84815
129711748
150996
11966195
7476
44403751
86583510
9061
6992310
83525
104858
129661389
124713
17549
54132392
102017075
2912
21320258
2916
13859094
98504
7019091
68841
74563
69068
21123751
439600
15809
51
7059386
531989
21932272
14506806
8786
7242
69188
51351698
121225496
5287830
23239832
92787
19910380
6561
15416287
448580
11196935
33613
7036275
439742
84265
140041
6847
75465
8105
74778
718
5327118
44588263
4583730
684
441
9813211
13792
135519919
71761996
4149208
46870010
439709
7409
45266613
96647
164550
121396
11141671
754
6857365
6565
549083
19235
11552
516892
86583435
259611
68009
25201603
6271
3614
20976025
90658319
641301
10460
84571
54710089
5319562
152304
161880
80349
55281496
6991987
22833562
6578
31247
40468139
167565
87330
6809
10131281
6326972
83887
5321318
94335
5282094
44588528
135398728
51
21919
473
6992367
33032
9570
11530092
5957
11571
3081562
297183
5280343
101973341
10230811
12449
255
2761501
7264
7221
127
12957
6454484
132862
10857031
6184
11966122
129320440
6451348
689222
6184
61814
192747
95692
99223
11747
135402046
189134
12486188
92043572
152287
6238
445063
10452519
15538
70832
144746
126843510
21863479
165627
10177989
4079888
11460
135566959
129662097
6138
6971243
58122267
146480
5460332
18064
70
440333
302430
34037
136542
5994
52940099
65052
70914
6629
91509
91637
5280673
135406872
69944029
443434
75798
6450190
51
639145
10871
3484
159664
94192
25168296
643312
68664899
737157
97369
854209
99715
4079599
7490
12798219
42609794
777
3003863
2011
445238
5324675
111178
129638
5789
541
448130
158553
123774
736057
5242388
74630
161516
129878031
8003
22156818
3082465
149186
7898
96647
68502
13389
166775
5488750
135402046
67973
71401541
20026
23819
8175
11207678
440235
778
192301
648
135483919
12323
38
440405
135
69711
130805
76551
5460411
54026824
21704
440982
4933
82000
440579
6755
790312
7184
235489
31291
182092
11477
11301
5459973
6971047
188007
222529
122357
79723
5497107
92185
54706662
7520
439184
25245477
53978526
91590922
129853738
5255804
8908
7345
15778
5350
5359277
8575
6585
44437072
3291162
171548
6378
135398631
47
71728352
79
19309
5425
5462254
10999599
145864714
127656
957
338
10400
78759
492405
25674
76890
5321318
94309
247
440641
11101
21242685
135398687
736234
16738680
3081420
76900
7408110
34474
97591
737096
151144
129011003
92969
6106
69334
4606266
88250
6775
4462
10072611
21117855
76280
8580
5881
69020
70912
3607830
69484
123938
97416
91972240
13893975
5288905
11378455
69546
71006
10712
79310
3081402
2802070
1070
321
13857
90428
24798689
1153
7904
6453189
123913
6657
151437
13243
194404
65533
1194
444206
456468
73565
8842
6452480
29981456
98774
7840
101001164
8655
122336
65177
5318532
439938
100941543
129859
890
13708
3474204
854021
446306
13711
9881169
75834
657272
2797381
482
64958
6347578
6595
12332
70684
76146
87310
107816
11468733
6119
40000
94284
78457
6950578
129320288
135401907
10887738
25891
5881
9904
91494
756
96798
171562
447920
70741
53239757
10308439
54710968
3082141
96374
71581014
1269845
83173
330573
3983
10016
6754
346152
22907
6326
24970669
56832906
16216990
637921
220010
17409
10927
123880
99290
131
150936
149
44588529
444080
3081956
64799
6844
660
8843
5237
62472
22144
65127
445025
3082194
6992310
169371
108074
3089450
137234594
347394
13810186
88398
75737
6770
28598
7903
73943
67946
4951
10441885
11565426
1491
74539967
7253
241582
518964
16320
29147
558882
25150859
101199930
162013
6857359
439232
3082165
2002
10762833
9700
159657
45479707
120700
76112
13679
22650
135398627
8103
18651654
7520
9322
68310
75791
13216
21722341
1761667
5460364
7428
152287
12897711
53913563
133358
8821
440717
117324
6267
101286215
4113470
94285
17737
2724389
6997338
899
5459894
65097
2724170
92907
11418
6553
132213
92918
637566
22066206
7149
9828
7427
7290
15818
17412
8063
4080853
44146649
58
66173
100168
7902
21298950
7813
5757
439886
11477625
69020
4378
31357
1152206
5280934
11966146
11841
67427
92934
644071
90624
15993
46173732
9285
10400369
102950
9803310
54758555
11112
9086
165577
21672
44588483
171562
5283906
6306
83117
11363
5283205
25200436
3246941
46873826
13247
6992499
11264086
278
13857089
445713
59
80283
1530236
46173749
97369
5280802
10097314
7010534
16219671
7279
76121305
65095
123802
94220
65124
86986
101432341
54536589
101708615
20352
25200642
1726
8763
521300
69732
440599
18302
439198
82000
193613
135398561
656894
15993
75795
9905
5492170
10221
74777
82481
88064
122278
2912
10413058
11127215
5461001
445395
11500
11768576
5497105
5280650
82481
85570
5310996
64947
6119622
167889
62852
61204
152204
35688
7009701
11147
16218813
73561
25245718
25311
9568512
3776
10399
12617363
30819
439371
7170
3014955
7009579
7691
443433
5362858
15586718
129669485
5283529
1780944
61204
7858
4217966
8129
65124
13858
17796831
94136
7151
5869436
445697
11762871
4661
16755619
135450591
133469
193887
76900
31265
92969
1268108
440198
129661068
119400
13376
7015845
6328
84422
150936
9905
9207
11295475
78
2723888
85782
25245602
20279
90658751
444939
12163
65311
159630
3081994
8060
5460284
86290136
160437
2219
6184
5047209
281691
1198
50986165
2733285
2777993
439418
8411
101145933
35688
65091
161880
5283468
445282
93111
14569007
6047
25674
11754987
11031002
15341631
16741
6992691
445282
87642
71077
13215818
97416
68239
344475
11680589
102444965
76079
129662118
7381
7742
45479496
11955
97050
5496888
5488912
17473
736919
118246
8973
16126785
50
3078466
94140
181976
30520
74777
31260
6992691
5280411
6426984
6057
5371769
5319879
5283548
3265780
84555
16757546
88558787
347991
12173
91486
440080
23673835
101286238
152660
52921640
5862
20083
74778
25203317
448580
72870
223465
449534
71581248
11966208
1117
49937
165196
64947
91509
12088
2724896
171204
854300
119207
5283560
751
25045
751
10158928
114454
7076347
12741
20763
440294
93176
16741
129670643
9543186
3034794
7680
103033
103033
73115
31215
5980988
91509
5754
74639
28777652
31368
11694869
151187
441328
12371
22877840
25863
638015
5280346
440077
445238
448222
7856
1549098
6912
485
9795637
10965476
67326
6274
439235
3095161
4992116
93321
5044311
5280473
160047
152455
7452
11966143
20479
7364
15818
8209
92974
5283545
440940
171334
255
228491
2724245
13237418
90658892
69068
51
11811
1539
446570
6184
440114
54724589
65063
113558
644234
82473
12306959
5280541
5281168
23675243
44588527
11670553
129698417
53477564
102336
74897
78050
121905
10238
10130061
11754
80293
164656
4624
439391
5960
21611827
141495
3001028
445100
54728789
82473
3033836
142385
3034569
91658987
12665
443437
70
366
101289755
328
440317
151396
1198
444915
8794
11302
13389
8916
440080
1530234
237332
86289537
33032
5957
65104
135398593
66534
449085
11748
5461003
13876479
11804935
12308
45082382
4427708
10178
68241
129656314
87583
89229
7510
7010588
10988200
9905
129853745
23169166
97364
20689
599
2734109
2774205
126843489
131769793
255
378
92930
4075159
340
122706274
101145934
151003
6950704
5283335
4650
686704
548678
872
443201
20848931
23497
135854977
97416
135410720
174
9543239
946
638015
36921
22169126
10315
95153
7807
12855889
6912
2779528
637775
941
439495
107905
7762
20524
440326
5280473
5460672
11264106
36199
5280789
1128
74539953
439904
5494430
445408
13535
15349
13725039
7749
92852
92222
128841
11643
439236
135926623
83791
75818
31261
88180
49
6119
440210
4573
7009612
637541
31018
93036
2113
637540
36688837
688070
5364752
135926581
40486925
6763
76581
832265
736053
13134
100503
17355
122196
54078477
164682
8655
51351792
164093
69890
69331
6451660
8062
448209
454
13854
409301
644162
193680
15859
31231
93577
90658155
16402
5460232
11966235
72883
5283118
3712
10899
130805
65115
101121
5385354
5460220
6076
92810
24802378
36911
181611
86289534
13706
53477567
11144543
440001
7680
6992930
83133
440098
86278052
76688
10882
445354
5280934
290729
6971246
9856730
773
8658
12077
97369
45259192
439324
246876
442495
13601
82473
30976
9896164
11161
5283345
11298470
439217
167253
145986
8063
174
6578
262
159885
22770
641301
129717630
70144
5280498
5962
71308542
150856
29145
69435
82565
6254
5195177
8186
82681723
16061307
13999769
133
556330
255339
644006
6991987
151437
6438163
164889
50595
3861876
76689
9811157
135203
123935
90173
3593277
14132861
12844
9723
726856
567982
1015
8552
16821
9032
708646
20544
11877136
439280
261
10921145
114894
6047
16761461
76581
31289
99291
9887215
49935
13594
6137
440939
102336
836
135398739
7009454
14556929
532714
101649392
5816
100892
439788
638015
69154
222865
17755065
101812
14309
145815
94216
6505653
70410
4327536
532714
9576089
135400185
5283544
9543216
736782
5702613
47
73709
3042314
124357
86583403
151438
22386
92930
182230
7854
65562
17754007
6445537
12178
256876
83242
129668852
668
7520
8768
439512
99486
7543
68515209
22298968
5284650
82481
532714
10371
93025
62073
9189
158980
135565113
1086
6950288
11583
192826
1153
8005
91820046
439811
11579117
239
132277530
134494
111317
9032
77982
8111
132213
92185
114705
6993189
6993116
799
3080612
66950
5460453
5459917
73755142
225533
237873
76427
541
472107
88064
8008
2769362
7452
25201153
44587966
14716438
6857451
44588375
3660103
12310288
91541
57040622
171548
23069
8209
11966223
11966218
92779
11952
2955
4398339
5360315
93005
140474
31234
688357
31244
129668950
40463
2733779
23615570
12575
65386
129626299
129662430
10907699
69413
127982
7020029
854
82308
36523
6657
75971
31401
69481
13472
5281168
47
445070
7707
9060
5362115
7009592
12599
76689
54724589
957
9076
232179
259380
13695
5245672
440194
11513
3839223
152204
6568
25245156
25245616
1548994
11812612
121616
18068
5461012
131769776
91508
73680
135440063
135924
6440013
6994684
7009644
6253
340484
193438
3587356
150964
68841
13243
150936
6245
8001
3728869
60749
12229743
150959
6184
88250
7852
10892754
76807
30514
6992371
94134
129851008
72193709
41206
4290942
3848
5905
6995503
644065
6347578
21971426
5883
600674
16682730
473
101715904
5884
93052
92972
92890
4
161460
880
92843
21236
16486
6419711
50594
716312
74539954
14282
46173228
100941542
181610
53477848
5281643
91444
136773040
76279
54675825
77643
446306
2733787
654
122135
75049
123826
5288725
447864
82000
5280346
6288
94194
136451
7408277
16069994
4775
439610
446080
129679833
439153
12599
5459811
40479693
32869
2778488
78
7910
137074
53883481
230718
14368879
11579
154342
409782
226830
439939
439153
46173260
7311736
6992022
2115
11914
99478
72880
8453
5280710
134820535
11670553
74693165
444913
5280633
96388
6971246
99558
6022
135442942
446570
135398700
92745
8130
7014876
92786
136259785
14273
441254
82473
4476497
76454
13548877
101110145
5920
834
53407582
5460375
90658155
135400185
5319562
195863
129800705
5376979
14283
100526
68262
5280450
41206
443475
73949
7960
13535
418
95592
776396
3712
364
24798682
9856500
1551219
22886038
122202
11389551
7057961
6439513
13396
19577
7288
4597
6994989
60750
440405
65272
558756
135563765
439227
84555
865
836
16976
644175
5478845
18408198
68382
7738
11915
66534
54748980
80351
11966263
6992102
65109
8129
7019095
6305
9918922
906
33096
65080
19707
129662482
21363188
13006
7749
69661
11644
91431
3486
95078
123831
445557
12238841
21145066
11320601
74777
76572
16500
71567
551881
547701
6267
439383
3240
2724897
80349
91074170
7041
25245002
70910
65249
101757190
80308
129662057
57934637
138319348
94937
119081247
24417
21597501
9743
709778
138319334
11163
14325241
12844
75
6454982
11296805
92779
83730
1535936
446973
8010
65562
73891
84555
15394
8060
10349
6227
165125
52940172
88406
68934
71668
4474425
123786
91820042
736405
15433
134506
2733769
82482
11789150
129673613
439698
6951294
123914
5280765
7449
5461071
12079
16012
77980
25202229
84835
159630
4571095
6438804
188980
3081403
10952
160738
5282181
50596
16667373
134826427
30819
24798714
701
6254
445929
439219
13507614
90531
6035
5920
7046
138319220
6276
10635
123505
10433
134825078
1241420
136460
10451
135511888
99
439165
10267
7469
91493
12753
440735
5283545
58
6992111
151012
439823
13388
440064
14286
5460455
25861
3082276
76915
14474988
151957
119450
8008
7732
2786976
11141671
107968
11122
129853741
126287
53481573
1835
14017
49
6013
122318
135398564
4653
878
11261
25043
117705
65177
10723
1287
6857400
68016
5460221
13783133
6747
91474
15561101
46229569
14647151
7004847
444493
6276
152644
701
13879500
12216
5315768
75598
6993810
99824
6994786
128037
5461010
439232
9638853
7009581
90659337
4565201
160514
11419
95575
92930
440863
3541112
71627315
114629
77000
2903
53239757
7456
122874
7393
10238
13799364
9971251
454
18554
25093347
84152
81732
119120
4427708
10403
5497163
189087
134930915
3031531
62852
172458
11846228
520352
3080560
5281377
21
54279616
443179
6254
5478003
440272
9543716
89801
439888
92852
1550042
135398030
449178
91451
68144
7742
444683
5460183
67970
7813
225711
75153
11552
135398627
2733787
135465069
13996859
7732
449459
83881
688602
6274
23615303
56927717
138
8129
90659209
21924844
11850
15608095
114839
10635
18651654
256737
644170
161500
12522
6994379
70396
2033
445557
5357283
76807
94385
61263
2024
378
6942
64950
135398654
449
65115
321309
105024
8021
10823
1203
3081420
443103
75834
8200
135398610
443652
10635
10893
15910
72422
65118
46878445
10214
53481013
3038007
142115
9895066
637922
57369855
129661560
13602
544370
12896
65115
74633
135402009
444913
129853744
162920
10972
7896
4462
66789
16211722
24462
6166
7625
632
131769795
12810
10442410
10491149
225936
46224543
444539
8487
2733769
129669563
22223258
17727
92930
135398093
74685
96770
151437
10634
7148
8068
13858
193428
222285
26612
637516
122706567
1530235
74778
62444
445929
168989
6992871
22819
159664
68726285
87248
2723793
11099946
5057188
129630394
2833080
637511
44288416
73712
71306365
5486160
46936903
70265
99295
129662100
181769
5960
656575
87247
94220
31289
4649
10214
15367
8194
4632877
9692
11534
11893572
9945785
853433
7048686
10012267
171284
854024
123358
134820563
15539852
221493
11315692
444539
45479615
25246289
5280933
15983959
126843491
16259
249
11557770
159664
3334068
7364
15207
93000
51
567162
439160
5950
8130
90657190
449459
70315
676748
135407446
261
5147
294642
12041
94230
9309
129821375
20279
4472903
14196
444104
9546806
8057
439371
6255
3082141
182230
6580
92926
71082
23234305
82335
244
16275
69216
994
